1
1.0
-0.0
0.0
1.0 0.0 -0.0 -0.0 0.0 -0.0 0.0
0.222222
0.2
1.0
1.0
2
1.0
-0.0
-0.0
0.0 1.0 0.0 0.0 0.0 -0.0 -0.0
0.333333
0.6
1.0
1.0
3
1.0
-0.0
-0.0
0.0 0.0 1.0 0.0 -0.0 0.0 -0.0
0.444444
0.8
1.0
1.0
4
1.0
0.0
-0.0
-0.0 -0.0 0.0 1.0 -0.0 0.0 0.0
0.777778
1.0
1.0
1.0
5
-1.5
-0.0
0.5
0.0 1.0 0.0 0.0 0.0 -0.0 -0.0
0.333333
0.6
1.0
6.0
6
0.805556
0.388889
0.0
-0.0 0.0 0.5 0.5 -0.0 0.0 0.0
0.611111
0.9
0.611111
1.0
7
-0.229167
0.111111
0.7
0.0 0.0 0.0 1.0 0.0 0.0 0.0
0.777778
1.0
0.875
3.333333
